94.500000
94.500000
95.000000
92.500000
95.000000
96.500000
96.500000
96.500000
96.500000
96.500000
96.500000
96.500000
96.500000
96.500000
96.500000
87.736626
87.736626
87.736626
87.736626
87.736626
87.736626
87.736626
87.736626
87.736626
87.736626
88.412017
88.412017
88.412017
88.412017
88.412017
88.412017
88.412017
88.412017
88.412017
88.412017
92.000000
92.000000
92.000000
92.000000
92.000000
92.000000
92.000000
92.000000
92.000000
92.000000
87.818930
87.818930
87.818930
87.818930
87.818930
87.818930
87.818930
87.818930
87.818930
87.818930
